810034882
810059672
810094532
810098252
810105372
810130822
810182482
810202572
810274042
810324562
810359862
810363142
810392312
810393572
810412402
810431172
810432322
810438452
810441682
810463902
810483822
810547472
810574232
810582332
810584742
810684402
810703342
810733772
810855762
810859482
810876832
810894342
810902612
810969652
811025542
811060402
811102822
811114642
811141402
811162582
811167452
811176702
811235482
811251682
811280852
811320862
811349372
811410012
811413682
811451002
811480282
811489972
811546402
811546712
811546852
811548022
811548472
811548642
811548812
811550582
811557552
811563382
811563722
811564222
811565032
811572322
811572802
811573302
811576182
811576972
811577022
811577332
811577472
811577642
811577812
811578282
811580082
811580422
811581232
811583472
811584762
811585092
811585572
811589292
811592692
811593362
811593672
811594172
811597732
811598682
811598992
811600202
811600792
811604542
811605212
811605352
811607002
811608602
811610402
811613932
